180 120 83 112 90 109 120 130 200 155 180 170 100 210 50
110 121 67 106 150 207 72 152 230 180 143 123 191 191 76
133 135 224 169 99 67 243 144 245 126 153 88 235 201 248
211 110 77 85 175 219 200 199 131 173 161 223 176 120 167
94 85 79 247 202 181 70 141 192 139 203 197 247 169 181
168 115 69 217 214 107 142 231 163 121 115 111 210 160 242
122 227 69 64 138 95 80 120 168 185 151 100 112 110 185
177 103 150 162 116 179 212 242 197 103 242 130 227 248 141
124 233 58 144 192 248 93 154 218 101 230 153 187 84 164
78 151 175 166 200 95 206 164 70 83 210 129 221 142 231
